****************************************************************************************************
     Average of energy (eV atom^-1)
----------------------------------------------------------------------------------------------------
          -3.26836580
****************************************************************************************************
     Average of force (X Y Z) (eV ang^-1 atom^-1)
----------------------------------------------------------------------------------------------------
           0.00000083      0.00000117      0.00000365
****************************************************************************************************
     Average of stress (XX YY ZZ XY XZ YZ) (GPa atom^-1)
----------------------------------------------------------------------------------------------------
           0.04429000      0.04868175     -0.04201866     -0.00181507      0.00101654     -0.00079805
****************************************************************************************************
     Variance of energy (eV atom^-1)
----------------------------------------------------------------------------------------------------
           0.02730476
****************************************************************************************************
     Variance of force (X Y Z) (eV ang^-1 atom^-1)
----------------------------------------------------------------------------------------------------
           0.00831891      0.00929532      0.01394958
****************************************************************************************************
     Variance of stress (XX YY ZZ XY XZ YZ) (GPa atom^-1)
----------------------------------------------------------------------------------------------------
           0.08195959      0.08286646      0.01984412      0.00412862      0.00676271      0.00230142
****************************************************************************************************
     Normalized histogram
     X, HIS_E, HIS_F, HIS_S
----------------------------------------------------------------------------------------------------
     -3.00000000      0.00000000      0.00465983      0.00931966      0.00000000      0.00000000      0.00000000      0.00000000      0.00000000      0.00000000      0.00000000
     -2.70000000      0.00000000      0.00652377      0.00652377      0.00372787      0.00000000      0.00000000      0.00000000      0.00000000      0.00000000      0.00000000
     -2.40000000      0.00000000      0.00652377      0.01304753      0.00745573      0.00000000      0.00000000      0.00000000      0.00000000      0.06896552      0.03448276
     -2.10000000      0.03448276      0.01584343      0.01584343      0.01211556      0.00000000      0.00000000      0.00000000      0.00000000      0.03448276      0.00000000
     -1.80000000      0.13793103      0.03168686      0.02609506      0.02609506      0.00000000      0.00000000      0.00000000      0.06896552      0.00000000      0.00000000
     -1.50000000      0.03448276      0.03448276      0.02889096      0.07362535      0.00000000      0.00000000      0.00000000      0.13793103      0.00000000      0.00000000
     -1.20000000      0.03448276      0.04659832      0.04193849      0.07735322      0.34482759      0.34482759      0.20689655      0.00000000      0.00000000      0.00000000
     -0.90000000      0.06896552      0.05964585      0.06710158      0.16589003      0.03448276      0.03448276      0.24137931      0.10344828      0.00000000      0.13793103
     -0.60000000      0.03448276      0.10251631      0.08480895      0.05591799      0.06896552      0.06896552      0.10344828      0.10344828      0.24137931      0.31034483
     -0.30000000      0.06896552      0.19571295      0.19012116      0.06057782      0.03448276      0.03448276      0.00000000      0.06896552      0.24137931      0.17241379
     -0.00000000      0.03448276      0.18266542      0.18732526      0.10065238      0.06896552      0.06896552      0.06896552      0.03448276      0.06896552      0.13793103
      0.30000000      0.06896552      0.10624418      0.11276794      0.08108108      0.17241379      0.17241379      0.10344828      0.17241379      0.10344828      0.03448276
      0.60000000      0.48275862      0.05964585      0.05684995      0.10158434      0.00000000      0.00000000      0.06896552      0.17241379      0.06896552      0.00000000
      0.90000000      0.00000000      0.04100652      0.05125815      0.11742777      0.00000000      0.13793103      0.03448276      0.06896552      0.10344828      0.06896552
      1.20000000      0.00000000      0.02609506      0.04380242      0.07921715      0.27586207      0.03448276      0.06896552      0.00000000      0.00000000      0.00000000
      1.50000000      0.00000000      0.02143523      0.01584343      0.01211556      0.00000000      0.10344828      0.00000000      0.03448276      0.00000000      0.03448276
      1.80000000      0.00000000      0.02236719      0.01584343      0.01118360      0.00000000      0.00000000      0.10344828      0.00000000      0.03448276      0.00000000
      2.10000000      0.00000000      0.01677540      0.01677540      0.01397950      0.00000000      0.00000000      0.00000000      0.03448276      0.03448276      0.00000000
      2.40000000      0.00000000      0.00838770      0.00465983      0.00000000      0.00000000      0.00000000      0.00000000      0.00000000      0.00000000      0.00000000
      2.70000000      0.00000000      0.00279590      0.00559180      0.00000000      0.00000000      0.00000000      0.00000000      0.00000000      0.00000000      0.06896552
