   1  37   1   0  0.3593803E+02  0.3000000E+03
  CAR 
 AIMD-MLFF-ON-THE-FLY                    
   0   0   0
   1   1
 256 256 256
 256
  0.1000000E-09
  0.3906250E-11
   1
  0.1000000E-14  0.8567900E-09  0.8567900E-09  0.1811370E-08
  0.2997854E+03  0.2989045E+03
  0.000
  0.000
  0.000
  0.000
  0.000
  0.000
  0.000
  0.000
  0.000
  0.000
  0.000
  0.000
  0.000
  0.000
  0.000
  0.000
  0.000
  0.000
  0.000
  0.000
  0.000
  0.000
  0.000
  0.000
  0.000
  0.000
  0.000
  0.000
  0.000
  0.000
  0.000
  0.000
  0.000
  0.000
  0.000
  0.000
  0.000
  0.000
  0.000
  0.000
  0.000
  0.000
  0.000
  0.000
  0.000
  0.000
  0.000
  0.000
  0.000
  0.000
  0.000
  0.000
  0.000
  0.000
  0.000
  0.000
  0.000
  0.000
  0.000
  0.002
  0.007
  0.079
  0.468
  1.553
  3.779
  6.891
  9.824
 11.174
 11.067
 10.283
  8.657
  7.273
  6.059
  5.275
  4.262
  3.250
  2.562
  1.888
  1.394
  0.940
  0.726
  0.577
  0.498
  0.428
  0.423
  0.415
  0.386
  0.334
  0.296
  0.289
  0.271
  0.231
  0.248
  0.282
  0.322
  0.365
  0.483
  0.634
  0.834
  1.089
  1.423
  1.748
  2.038
  2.142
  1.991
  1.760
  1.564
  1.345
  1.249
  1.131
  1.133
  1.198
  1.338
  1.390
  1.379
  1.440
  1.636
  2.041
  2.445
  2.935
  3.527
  3.949
  4.034
  4.111
  3.922
  3.643
  3.109
  2.527
  1.998
  1.487
  1.199
  1.076
  1.152
  1.330
  1.431
  1.549
  1.571
  1.474
  1.329
  1.121
  1.033
  1.024
  1.024
  1.105
  1.170
  1.239
  1.288
  1.161
  1.091
  0.921
  0.704
  0.513
  0.412
  0.410
  0.468
  0.597
  0.796
  1.159
  1.486
  1.872
  2.208
  2.488
  2.699
  2.720
  2.521
  2.320
  2.063
  1.751
  1.510
  1.314
  1.217
  1.121
  1.058
  0.991
  0.934
  0.859
  0.827
  0.800
  0.743
  0.766
  0.853
  1.020
  1.166
  1.310
  1.441
  1.631
  1.908
  2.065
  2.199
  2.218
  2.292
  2.193
  2.005
  1.807
  1.448
  1.109
  0.830
  0.619
  0.487
  0.409
  0.427
  0.481
  0.516
  0.598
  0.665
  0.721
  0.731
  0.692
  0.641
  0.592
  0.583
  0.606
  0.686
  0.836
  1.007
  1.153
  1.262
  1.311
  1.346
  1.331
  1.229
  1.165
  1.063
  0.991
  0.949
  0.942
  0.992
  1.107
  1.279
  1.395
  1.487
  1.576
  1.465
  1.242
  1.046
  0.800
  0.632
  0.529
  0.457
  0.433
  0.406
  0.431
  0.498
  0.569
  0.646
  0.724
  0.817
  0.872
  0.884
  0.863
  0.816
  0.733
  0.624
  0.534
  0.456
  0.467
