****************************************************************************************************
     Average of energy (eV atom^-1)
----------------------------------------------------------------------------------------------------
          -7.15316882
****************************************************************************************************
     Average of force (X Y Z) (eV ang^-1 atom^-1)
----------------------------------------------------------------------------------------------------
          -0.00000024      0.00000005     -0.00000031
****************************************************************************************************
     Average of stress (XX YY ZZ XY XZ YZ) (GPa atom^-1)
----------------------------------------------------------------------------------------------------
          -0.02775540     -0.02760663     -0.02540730      0.00011142     -0.00005100     -0.00008419
****************************************************************************************************
     Variance of energy (eV atom^-1)
----------------------------------------------------------------------------------------------------
           0.01141342
****************************************************************************************************
     Variance of force (X Y Z) (eV ang^-1 atom^-1)
----------------------------------------------------------------------------------------------------
           0.00242592      0.00251037      0.00236451
****************************************************************************************************
     Variance of stress (XX YY ZZ XY XZ YZ) (GPa atom^-1)
----------------------------------------------------------------------------------------------------
           0.00400602      0.00339174      0.00435986      0.00123737      0.00102044      0.00104514
****************************************************************************************************
     Normalized histogram
     X, HIS_E, HIS_F, HIS_S
----------------------------------------------------------------------------------------------------
     -3.00000000      0.05555556      0.00501543      0.00525656      0.00549769      0.00000000      0.03703704      0.02777778      0.00000000      0.00925926      0.00000000
     -2.70000000      0.01851852      0.00462963      0.00496721      0.00689622      0.05555556      0.01851852      0.03703704      0.00000000      0.00925926      0.00925926
     -2.40000000      0.01851852      0.00969329      0.00834298      0.00945216      0.01851852      0.00925926      0.01851852      0.00925926      0.02777778      0.01851852
     -2.10000000      0.00925926      0.01475694      0.01644483      0.01422647      0.01851852      0.00925926      0.01851852      0.00925926      0.00925926      0.00925926
     -1.80000000      0.00000000      0.02623457      0.02295525      0.02502894      0.00925926      0.01851852      0.00000000      0.00925926      0.00925926      0.02777778
     -1.50000000      0.00000000      0.04012346      0.03872492      0.03737461      0.00000000      0.00925926      0.00925926      0.05555556      0.05555556      0.03703704
     -1.20000000      0.00925926      0.06201775      0.06057099      0.05222801      0.03703704      0.00000000      0.00000000      0.11111111      0.04629630      0.06481481
     -0.90000000      0.00000000      0.08540702      0.08121142      0.08420139      0.05555556      0.03703704      0.02777778      0.09259259      0.04629630      0.08333333
     -0.60000000      0.02777778      0.11077353      0.11501736      0.11159336      0.10185185      0.11111111      0.09259259      0.09259259      0.10185185      0.12037037
     -0.30000000      0.12037037      0.13686343      0.14048032      0.15147569      0.11111111      0.20370370      0.19444444      0.17592593      0.12962963      0.12962963
     -0.00000000      0.38888889      0.14038387      0.14655671      0.15123457      0.17592593      0.18518519      0.15740741      0.14814815      0.18518519      0.12037037
      0.30000000      0.21296296      0.11535494      0.11342593      0.11130401      0.16666667      0.12037037      0.20370370      0.08333333      0.15740741      0.12962963
      0.60000000      0.05555556      0.08275463      0.08405671      0.08019869      0.07407407      0.10185185      0.10185185      0.02777778      0.02777778      0.10185185
      0.90000000      0.03703704      0.05897955      0.05854552      0.05608603      0.08333333      0.07407407      0.03703704      0.04629630      0.07407407      0.01851852
      1.20000000      0.02777778      0.04041281      0.03809799      0.03694059      0.08333333      0.00925926      0.02777778      0.03703704      0.04629630      0.03703704
      1.50000000      0.00925926      0.02642747      0.02406443      0.02425733      0.00925926      0.04629630      0.02777778      0.03703704      0.02777778      0.04629630
      1.80000000      0.00925926      0.01596258      0.01470872      0.01466049      0.00000000      0.00925926      0.01851852      0.01851852      0.02777778      0.01851852
      2.10000000      0.00000000      0.00964506      0.00950039      0.01003086      0.00000000      0.00000000      0.00000000      0.01851852      0.00925926      0.00925926
      2.40000000      0.00000000      0.00525656      0.00559414      0.00651042      0.00000000      0.00000000      0.00000000      0.02777778      0.00000000      0.01851852
      2.70000000      0.00000000      0.00245949      0.00347222      0.00313465      0.00000000      0.00000000      0.00000000      0.00000000      0.00000000      0.00000000
