   1 192   1   0  0.1158988E+02  0.3000000E+03
  CAR 
 AIMD-MLFF-ON-THE-FLY                    
   0   0   0
   1   1
 256 256 256
 256
  0.1000000E-09
  0.3906250E-11
   1
  0.1000000E-14  0.1323607E-08  0.1323607E-08  0.1270171E-08
  0.2996232E+03  0.3010866E+03
  0.000  0.000  0.000  0.000  0.000  0.000  0.000  0.000  0.000  0.000  0.000
  0.000  0.000  0.000  0.000  0.000  0.000  0.000  0.000  0.000  0.000  0.000
  0.000  0.000  0.000  0.000  0.000  0.000  0.000  0.000  0.000  0.000  0.000
  0.000  0.000  0.000  0.000  0.000  0.000  0.000  0.000  0.000  0.000  0.000
  0.000  0.000  0.000  0.000  0.000  0.000  0.000  0.000  0.000  0.000  0.000
  0.000  0.000  0.000  0.000  0.000  0.000  0.000  0.000  0.000  0.000  0.000
  0.000  0.000  0.000  0.000  0.000  0.000  0.000  0.000  0.000  0.000  0.000
  0.000  0.000  0.000  0.000  0.000  0.000  0.000  0.000  0.000  0.000  0.000
  0.000  0.000  0.000  0.000  0.000  0.000  0.000  0.000  0.000  0.000  0.000
  0.000  0.000  0.000  0.000  0.000  0.000  0.000  0.000  0.000  0.000  0.000
  0.000  0.000  0.000  0.000  0.000  0.000  0.000  0.000  0.000  0.000  0.000
  0.000  0.000  0.000  0.000  0.000  0.000  0.000  0.000  0.000  0.000  0.000
  0.000  0.000  0.000  0.000  0.000  0.000  0.000  0.000  0.000  0.000  0.000
  0.000  0.000  0.000  0.000  0.000  0.000  0.000  0.000  0.000  0.000  0.000
  0.000  0.000  0.000  0.000  0.000  0.000  0.000  0.000  0.000  0.000  0.000
  0.000  0.000  0.000  0.000  0.000  0.000  0.000  0.000  0.000  0.000  0.000
  0.000  0.000  0.000  0.000  0.000  0.000  0.000  0.000  0.000  0.000  0.000
  0.000  0.000  0.000  0.000  0.000  0.000  0.000  0.000  0.000  0.000  0.000
  0.000  0.000  0.000  0.000  0.000  0.000  0.000  0.000  0.000  0.000  0.000
  0.000  0.000  0.000  0.000  0.000  0.000  0.000  0.000  0.000  0.000  0.000
  0.000  0.000  0.000  0.000  0.000  0.000  0.000  0.000  0.000  0.000  0.000
  0.000  0.000  0.000  0.000  0.000  0.000  0.000  0.000  0.000  0.000  0.000
  0.000  0.000  0.000  0.000  0.000  0.000  0.000  0.000  0.000  0.000  0.000
  0.000  0.000  0.000  0.000  0.000  0.000  0.000  0.000  0.000  0.000  0.000
  0.000  0.000  0.000  0.000  0.000  0.000  0.000  0.000  0.000  0.000  0.000
  0.000  0.000  0.000  0.000  0.000  0.000  0.000  0.000  0.000  0.000  0.000
  0.000  0.000  0.000  0.000  0.000  0.000  0.000  0.000  0.000  0.000  0.000
  0.000  0.000  0.000  0.000  0.000  0.000  0.000  0.000  0.000  0.000  0.000
  0.000  0.000  0.000  0.000  0.000  0.000  0.000  0.000  0.000  0.000  0.000
  0.000  0.000  0.000  0.000  0.000  0.000  0.000  0.000  0.000  0.000  0.000
  0.000  0.000  0.000  0.000  0.000  0.000  0.000  0.000  0.000  0.000  0.000
  0.000  0.000  0.000  0.000  0.000  0.000  0.000  0.000  0.000  0.000  0.000
  0.000  0.000  0.000  0.000  0.000  0.000  0.000  0.000  0.000  0.000  0.000
  0.000  0.000  0.000  0.000  0.000  0.000  0.000  0.000  0.000  0.000  0.000
  0.000  0.000  0.000  0.000  0.000  0.000  0.000  0.000  0.000  0.000  0.000
  0.000  0.000  0.000  0.000  0.000  0.000  0.000  0.000  0.000  0.000  0.000
  0.000  0.000  0.000  0.000  0.000  0.000  0.000  0.000  0.000  0.000  0.000
  0.000  0.000  0.000  0.000  0.000  0.000  0.000  0.000  0.000  0.000  0.000
  0.000  0.000  0.000  0.000  0.000  0.000  0.000  0.000  0.000  0.000  0.000
  0.000  0.000  0.000  0.000  0.000  0.000  0.000  0.000  0.000  0.000  0.000
  0.000  0.000  0.000  0.000  0.000  0.000  0.000  0.000  0.000  0.000  0.000
  0.000  0.000  0.000  0.000  0.000  0.000  0.000  0.000  0.000  0.000  0.000
  0.001  0.000  0.000  0.000  0.000  0.000  0.000  0.003  0.000  0.000  0.000
  0.015  0.000  0.000  0.000  0.000  0.000  0.000  0.050  0.000  0.000  0.000
  0.075  0.000  0.000  0.000  0.000  0.000  0.000  0.258  0.000  0.000  0.000
  0.269  0.000  0.000  0.000  0.000  0.000  0.000  0.922  0.000  0.000  0.000
  0.620  0.000  0.000  0.000  0.000  0.000  0.000  2.126  0.000  0.000  0.000
  1.038  0.000  0.000  0.000  0.000  0.000  0.000  3.559  0.000  0.000  0.000
  1.350  0.000  0.000  0.000  0.004  0.000  0.000  4.629  0.000  0.000  0.000
  1.450  0.000  0.000  0.000  0.048  0.000  0.000  4.957  0.000  0.000  0.000
  1.429  0.000  0.000  0.000  0.520  0.000  0.000  4.751  0.000  0.000  0.000
  1.487  0.000  0.000  0.000  3.041  0.000  0.000  4.231  0.000  0.000  0.000
  1.799  0.000  0.000  0.000  8.825  0.000  0.000  3.645  0.000  0.000  0.000
  2.147  0.000  0.000  0.000 14.839  0.001  0.000  3.120  0.000  0.000  0.000
  2.039  0.000  0.000  0.000 15.597  0.010  0.000  2.531  0.000  0.000  0.000
  1.522  0.000  0.000  0.000 10.980  0.026  0.000  2.075  0.000  0.002  0.000
  0.988  0.000  0.000  0.000  5.612  0.078  0.000  1.756  0.000  0.010  0.000
  0.647  0.000  0.000  0.000  2.342  0.208  0.000  1.468  0.000  0.051  0.000
  0.474  0.000  0.000  0.000  0.752  0.403  0.000  1.197  0.000  0.227  0.000
  0.489  0.000  0.000  0.000  0.197  0.757  0.000  1.067  0.000  0.780  0.000
  0.653  0.000  0.000  0.000  0.055  1.307  0.000  1.001  0.000  1.964  0.000
  0.897  0.000  0.000  0.000  0.013  1.981  0.000  0.959  0.000  3.583  0.000
  1.155  0.000  0.000  0.000  0.006  2.768  0.000  0.872  0.000  5.313  0.000
  1.373  0.000  0.000  0.000  0.004  3.630  0.000  0.814  0.000  6.613  0.000
  1.487  0.000  0.000  0.000  0.000  4.211  0.000  0.784  0.000  7.203  0.000
  1.528  0.000  0.001  0.000  0.000  4.643  0.000  0.750  0.000  7.309  0.001
  1.450  0.000  0.012  0.000  0.000  4.697  0.000  0.711  0.000  6.736  0.003
  1.289  0.000  0.031  0.000  0.000  4.611  0.000  0.700  0.000  5.498  0.015
  1.086  0.000  0.129  0.000  0.000  4.050  0.000  0.697  0.000  4.108  0.071
  0.938  0.000  0.353  0.000  0.000  3.440  0.001  0.701  0.000  2.915  0.239
  0.881  0.000  0.720  0.000  0.000  2.789  0.002  0.697  0.000  1.979  0.632
  0.939  0.000  1.626  0.000  0.000  2.144  0.019  0.731  0.000  1.227  1.238
  1.088  0.000  2.842  0.000  0.000  1.632  0.100  0.711  0.000  0.699  2.037
  1.252  0.000  4.068  0.000  0.000  1.252  0.257  0.642  0.000  0.452  2.739
  1.409  0.000  4.834  0.000  0.000  0.892  0.632  0.615  0.000  0.256  3.363
  1.491  0.000  5.184  0.000  0.000  0.614  1.273  0.539  0.000  0.150  3.671
  1.565  0.000  5.029  0.000  0.000  0.378  2.095  0.444  0.000  0.111  3.971
  1.639  0.000  4.629  0.000  0.000  0.258  2.992  0.375  0.000  0.059  4.229
  1.665  0.000  4.330  0.000  0.000  0.171  3.755  0.304  0.000  0.041  4.291
  1.651  0.000  4.096  0.000  0.000  0.128  4.284  0.244  0.000  0.022  4.219
  1.544  0.000  3.745  0.000  0.000  0.107  4.414  0.191  0.000  0.010  3.896
  1.379  0.000  3.494  0.000  0.000  0.097  4.318  0.174  0.000  0.010  3.335
  1.155  0.000  2.712  0.000  0.000  0.102  4.305  0.186  0.000  0.009  2.581
  0.962  0.000  2.065  0.000  0.000  0.114  4.131  0.245  0.000  0.002  1.916
  0.803  0.000  1.349  0.000  0.000  0.124  4.076  0.351  0.000  0.003  1.309
  0.677  0.000  0.780  0.000  0.000  0.148  3.727  0.492  0.000  0.003  0.844
  0.596  0.000  0.462  0.069  0.000  0.173  3.264  0.679  0.000  0.001  0.484
  0.557  0.000  0.259  0.312  0.000  0.217  2.711  0.881  0.000  0.000  0.261
  0.550  0.000  0.295  1.147  0.000  0.255  2.014  1.049  0.000  0.000  0.148
  0.611  0.000  0.497  3.055  0.000  0.291  1.422  1.255  0.000  0.000  0.116
  0.723  0.000  0.788  7.062  0.000  0.354  0.911  1.382  0.000  0.000  0.153
  0.850  0.000  1.224 11.370  0.000  0.442  0.521  1.438  0.000  0.000  0.237
  0.955  0.000  1.585 14.616  0.000  0.522  0.286  1.464  0.000  0.000  0.323
  0.987  0.000  1.850 15.122  0.000  0.547  0.163  1.394  0.000  0.000  0.467
  0.929  0.000  1.768 12.884  0.006  0.599  0.083  1.273  0.080  0.001  0.579
  0.831  0.000  1.472  8.940  0.017  0.638  0.090  1.147  0.212  0.006  0.691
  0.734  0.000  1.067  5.587  0.061  0.679  0.152  1.027  0.680  0.010  0.721
  0.658  0.000  0.705  2.819  0.150  0.695  0.264  0.910  1.677  0.018  0.722
  0.630  0.000  0.431  1.171  0.379  0.666  0.429  0.838  3.180  0.036  0.668
  0.639  0.000  0.242  0.584  0.772  0.571  0.580  0.759  4.703  0.073  0.623
  0.672  0.000  0.204  0.212  1.279  0.530  0.878  0.690  5.672  0.159  0.529
  0.740  0.000  0.259  0.060  1.894  0.468  1.223  0.626  6.306  0.312  0.478
  0.828  0.000  0.421  0.041  2.454  0.398  1.437  0.591  6.313  0.582  0.477
  0.926  0.000  0.621  0.020  2.764  0.336  1.572  0.581  5.623  0.947  0.585
  0.986  0.000  0.831  0.010  2.554  0.267  1.556  0.576  4.428  1.438  0.717
  1.042  0.000  1.013  0.000  2.010  0.199  1.359  0.600  3.549  1.987  0.921
  1.087  0.000  1.111  0.000  1.422  0.133  1.174  0.599  2.572  2.388  1.215
  1.093  0.000  1.132  0.000  0.838  0.106  0.959  0.597  1.276  2.666  1.450
  1.064  0.000  1.052  0.000  0.436  0.092  0.771  0.621  0.545  2.675  1.556
  0.986  0.000  0.937  0.000  0.207  0.098  0.680  0.678  0.250  2.425  1.443
  0.877  0.000  0.749  0.000  0.157  0.112  0.647  0.737  0.163  1.956  1.235
  0.811  0.000  0.655  0.000  0.271  0.151  0.675  0.824  0.048  1.469  1.077
  0.806  0.000  0.576  0.000  0.562  0.210  0.794  0.936  0.018  1.045  1.007
  0.840  0.000  0.583  0.000  0.889  0.257  0.874  1.079  0.000  0.739  0.979
  0.913  0.000  0.628  0.000  1.260  0.340  1.036  1.239  0.000  0.551  0.972
  1.029  0.000  0.698  0.000  1.644  0.479  1.176  1.453  0.000  0.537  0.961
  1.136  0.000  0.761  0.000  2.046  0.582  1.289  1.663  0.000  0.632  0.885
  1.248  0.000  0.858  0.000  2.513  0.727  1.412  1.865  0.000  0.758  0.774
  1.322  0.000  0.901  0.000  2.881  0.902  1.423  2.006  0.000  0.869  0.656
  1.355  0.000  0.923  0.000  3.189  1.123  1.499  2.023  0.000  0.946  0.527
  1.321  0.000  0.935  0.000  3.151  1.316  1.438  1.936  0.000  0.997  0.428
  1.257  0.000  0.978  0.000  2.786  1.486  1.288  1.832  0.000  1.047  0.368
  1.161  0.000  1.026  0.000  2.167  1.584  1.137  1.646  0.000  1.146  0.360
  1.064  0.000  1.068  0.000  1.565  1.596  0.926  1.476  0.000  1.255  0.365
  0.998  0.000  1.182  0.000  1.165  1.528  0.785  1.315  0.000  1.343  0.421
  0.958  0.000  1.282  0.000  0.984  1.393  0.679  1.233  0.000  1.322  0.484
  0.923  0.000  1.336  0.000  1.081  1.245  0.584  1.149  0.000  1.170  0.553
  0.890  0.000  1.323  0.000  1.273  1.115  0.516  1.067  0.000  1.005  0.603
  0.869  0.000  1.320  0.000  1.436  1.033  0.461  1.013  0.000  0.810  0.669
  0.840  0.000  1.253  0.000  1.509  0.975  0.463  0.944  0.000  0.662  0.713
  0.818  0.000  1.111  0.000  1.460  0.926  0.458  0.907  0.000  0.571  0.777
  0.806  0.000  0.996  0.000  1.205  0.936  0.463  0.882  0.000  0.587  0.852
  0.815  0.000  0.896  0.000  0.928  0.942  0.500  0.882  0.000  0.741  0.911
  0.858  0.000  0.753  0.000  0.615  0.948  0.565  0.909  0.000  1.108  0.979
  0.912  0.000  0.646  0.000  0.384  1.014  0.564  0.944  0.000  1.633  0.967
  0.984  0.019  0.581  0.000  0.258  0.994  0.535  0.999  0.000  2.252  0.952
  1.062  0.039  0.511  0.000  0.293  1.029  0.559  1.060  0.000  2.763  0.919
  1.107  0.064  0.464  0.000  0.390  1.090  0.550  1.082  0.000  3.089  0.867
  1.118  0.275  0.464  0.000  0.568  1.095  0.578  1.109  0.000  3.071  0.814
  1.103  0.865  0.398  0.000  0.794  1.100  0.594  1.093  0.000  2.806  0.821
  1.107  2.201  0.353  0.011  0.953  1.106  0.634  1.079  0.000  2.467  0.925
  1.125  4.362  0.364  0.028  1.034  1.095  0.731  1.057  0.000  2.007  1.139
  1.148  7.194  0.354  0.087  1.055  1.103  0.862  1.029  0.000  1.477  1.397
  1.201 10.786  0.407  0.206  1.041  1.050  1.070  1.006  0.000  1.042  1.697
  1.246 12.978  0.502  0.502  0.907  1.006  1.324  0.986  0.000  0.692  1.956
  1.239 12.084  0.572  1.101  0.740  0.950  1.641  0.932  0.008  0.426  2.068
  1.204  9.030  0.726  1.798  0.543  0.888  1.991  0.853  0.046  0.248  2.088
  1.157  5.742  0.870  2.795  0.339  0.856  2.282  0.787  0.104  0.174  1.986
  1.116  3.210  0.896  3.917  0.258  0.855  2.549  0.710  0.221  0.153  1.835
  1.060  1.382  0.838  4.154  0.204  0.888  2.691  0.659  0.428  0.180  1.653
  1.033  0.476  0.802  4.180  0.231  0.958  2.746  0.627  0.928  0.248  1.498
  1.006  0.144  0.697  3.782  0.294  1.041  2.767  0.607  1.441  0.313  1.356
  0.981  0.035  0.649  3.006  0.380  1.138  2.674  0.616  2.427  0.383  1.192
  0.968  0.000  0.666  2.398  0.483  1.261  2.524  0.623  3.405  0.437  1.060
  0.957  0.000  0.792  1.879  0.584  1.335  2.236  0.627  4.534  0.503  0.948
  0.944  0.005  1.026  1.325  0.671  1.398  1.912  0.649  5.246  0.571  0.838
  0.924  0.031  1.252  0.798  0.806  1.431  1.612  0.676  5.276  0.638  0.722
  0.919  0.127  1.462  0.468  0.970  1.470  1.295  0.721  4.899  0.720  0.639
  0.908  0.297  1.690  0.201  1.080  1.438  0.979  0.768  4.140  0.802  0.588
  0.904  0.897  1.861  0.073  1.175  1.399  0.778  0.804  3.287  0.846  0.562
  0.899  1.697  1.940  0.018  1.239  1.402  0.604  0.830  2.462  0.850  0.555
  0.893  2.345  1.968  0.002  1.258  1.398  0.452  0.861  1.725  0.803  0.583
  0.890  2.983  1.937  0.002  1.224  1.359  0.387  0.882  1.148  0.741  0.647
  0.893  2.600  1.764  0.003  1.317  1.331  0.342  0.928  0.749  0.630  0.721
  0.902  2.175  1.634  0.000  1.404  1.268  0.320  0.948  0.616  0.530  0.829
  0.909  1.942  1.397  0.000  1.470  1.196  0.314  0.961  0.562  0.460  0.935
  0.917  2.227  1.158  0.000  1.434  1.144  0.332  0.975  0.557  0.417  1.035
  0.926  3.209  1.000  0.000  1.285  1.135  0.347  0.969  0.806  0.365  1.142
  0.935  4.550  0.844  0.000  1.193  1.126  0.374  0.939  1.031  0.329  1.234
  0.931  4.780  0.756  0.000  0.950  1.178  0.374  0.921  1.071  0.285  1.332
  0.914  4.281  0.709  0.000  0.750  1.228  0.349  0.901  0.960  0.304  1.364
  0.902  2.841  0.711  0.000  0.587  1.251  0.288  0.910  0.694  0.364  1.397
  0.913  1.638  0.772  0.000  0.562  1.281  0.261  0.964  0.361  0.488  1.363
  0.926  0.758  0.833  0.000  0.666  1.289  0.242  0.990  0.202  0.596  1.323
  0.952  0.334  0.819  0.000  0.859  1.281  0.260  1.029  0.054  0.688  1.293
  0.957  0.136  0.796  0.000  0.984  1.242  0.288  1.063  0.021  0.712  1.239
  0.951  0.032  0.711  0.002  1.026  1.217  0.367  1.067  0.031  0.675  1.218
  0.935  0.027  0.556  0.001  0.946  1.179  0.459  1.051  0.095  0.650  1.224
  0.923  0.014  0.476  0.001  0.920  1.160  0.536  1.022  0.205  0.653  1.208
  0.937  0.000  0.368  0.010  0.937  1.172  0.632  1.005  0.493  0.749  1.202
  0.969  0.000  0.300  0.032  1.076  1.167  0.709  1.009  0.894  0.903  1.168
  1.019  0.000  0.283  0.080  1.235  1.235  0.746  1.024  1.305  1.140  1.119
  1.080  0.000  0.304  0.170  1.363  1.276  0.744  1.080  1.858  1.433  1.049
  1.119  0.000  0.365  0.426  1.470  1.289  0.740  1.135  2.263  1.631  0.944
  1.139  0.000  0.424  0.824  1.526  1.261  0.699  1.190  2.452  1.770  0.836
  1.157  0.000  0.500  1.440  1.585  1.234  0.647  1.226  2.692  1.862  0.746
  1.169  0.000  0.603  2.220  1.632  1.191  0.592  1.242  2.645  1.897  0.688
  1.172  0.000  0.697  2.862  1.687  1.115  0.535  1.228  2.779  1.926  0.647
  1.167  0.000  0.836  3.182  1.717  1.032  0.511  1.215  2.627  1.925  0.624
  1.155  0.000  1.027  3.333  1.746  0.950  0.523  1.179  2.551  1.896  0.601
  1.144  0.000  1.263  3.697  1.787  0.902  0.564  1.154  2.205  1.776  0.582
  1.144  0.000  1.453  3.909  1.906  0.859  0.649  1.151  1.940  1.616  0.579
  1.137  0.000  1.565  3.998  2.047  0.824  0.724  1.156  1.906  1.390  0.573
  1.120  0.000  1.640  3.870  2.046  0.841  0.782  1.152  1.898  1.201  0.580
  1.106  0.000  1.616  3.512  1.893  0.858  0.884  1.169  2.077  1.099  0.594
  1.065  0.000  1.490  2.660  1.572  0.867  0.985  1.202  1.967  1.062  0.586
  1.013  0.000  1.321  1.925  1.175  0.925  1.027  1.231  1.661  1.078  0.551
  0.955  0.000  1.093  1.156  0.832  0.939  1.051  1.250  1.450  1.097  0.512
  0.933  0.000  0.897  0.697  0.567  1.001  1.075  1.293  1.100  1.147  0.504
  0.918  0.000  0.734  0.327  0.419  1.050  1.082  1.302  0.822  1.161  0.539
  0.918  0.000  0.604  0.133  0.328  1.119  1.067  1.294  0.527  1.206  0.595
  0.936  0.000  0.545  0.040  0.250  1.182  1.044  1.263  0.386  1.276  0.709
  0.960  0.000  0.544  0.020  0.168  1.255  1.013  1.211  0.228  1.374  0.839
  0.992  0.000  0.604  0.007  0.107  1.274  1.005  1.168  0.111  1.475  0.978
  1.023  0.000  0.743  0.002  0.058  1.303  1.000  1.118  0.053  1.597  1.087
  1.052  0.000  0.918  0.000  0.043  1.303  1.035  1.102  0.017  1.613  1.179
  1.068  0.000  1.121  0.000  0.049  1.261  1.054  1.065  0.005  1.603  1.256
  1.077  0.000  1.232  0.000  0.086  1.234  1.061  1.082  0.005  1.499  1.300
  1.061  0.000  1.300  0.000  0.159  1.183  1.069  1.084  0.003  1.311  1.304
  1.041  0.000  1.254  0.001  0.264  1.119  1.077  1.104  0.000  1.068  1.315
  1.014  0.000  1.215  0.001  0.436  1.046  1.081  1.118  0.000  0.885  1.257
  0.989  0.000  1.113  0.001  0.658  1.016  1.044  1.111  0.000  0.744  1.203
  0.959  0.000  1.035  0.006  0.866  0.966  1.040  1.096  0.000  0.600  1.137
  0.930  0.000  1.001  0.018  1.019  0.926  1.028  1.046  0.000  0.500  1.098
  0.902  0.000  0.989  0.042  1.121  0.874  0.993  0.979  0.000  0.446  1.085
  0.884  0.000  1.095  0.119  1.131  0.816  0.975  0.910  0.002  0.410  1.106
  0.878  0.000  1.247  0.313  1.143  0.747  0.915  0.854  0.005  0.391  1.148
  0.887  0.000  1.439  0.547  1.202  0.690  0.889  0.804  0.020  0.386  1.194
  0.913  0.000  1.655  0.936  1.279  0.631  0.878  0.774  0.067  0.393  1.254
  0.955  0.000  1.886  1.464  1.356  0.583  0.869  0.758  0.168  0.395  1.336
  0.983  0.000  2.058  2.020  1.360  0.551  0.862  0.740  0.286  0.413  1.384
  1.005  0.000  2.189  2.835  1.321  0.542  0.850  0.716  0.532  0.430  1.402
  1.012  0.000  2.245  3.528  1.263  0.551  0.888  0.701  0.806  0.453  1.355
  1.009  0.000  2.212  4.392  1.180  0.590  0.878  0.685  1.016  0.475  1.288
  0.988  0.000  2.124  4.886  1.086  0.646  0.893  0.677  1.270  0.507  1.168
  0.965  0.004  1.941  5.258  1.014  0.711  0.872  0.681  1.219  0.564  1.056
  0.941  0.014  1.696  5.132  0.908  0.813  0.840  0.699  1.313  0.621  0.974
  0.904  0.038  1.485  4.404  0.764  0.858  0.810  0.709  1.329  0.704  0.915
  0.881  0.068  1.275  3.346  0.640  0.915  0.811  0.733  1.418  0.797  0.891
  0.882  0.245  1.159  2.208  0.550  0.942  0.883  0.759  1.728  0.918  0.898
  0.907  0.743  1.139  1.359  0.559  0.964  0.975  0.772  2.022  1.040  0.928
  0.933  1.648  1.100  0.701  0.622  0.947  1.098  0.780  2.125  1.119  0.963
  0.972  2.840  1.127  0.319  0.695  0.957  1.256  0.782  2.046  1.179  1.008
  1.010  4.249  1.119  0.116  0.793  0.939  1.390  0.779  1.924  1.198  1.077
  1.034  5.031  1.056  0.040  0.839  0.942  1.484  0.781  1.838  1.172  1.144
  1.046  5.051  0.997  0.015  0.868  0.934  1.548  0.806  1.492  1.172  1.172
  1.045  4.595  0.921  0.002  0.878  0.945  1.554  0.841  1.230  1.166  1.165
  1.037  3.765  0.767  0.000  0.929  0.953  1.530  0.882  0.966  1.151  1.147
  1.028  3.134  0.649  0.000  0.954  0.960  1.489  0.929  0.815  1.125  1.121
  1.025  2.709  0.530  0.000  0.989  0.911  1.430  0.994  0.651  1.122  1.102
  1.035  2.132  0.463  0.001  1.038  0.911  1.373  1.056  0.481  1.114  1.114
  1.054  1.585  0.395  0.008  1.093  0.909  1.331  1.114  0.374  1.108  1.156
  1.076  1.075  0.369  0.036  1.182  0.892  1.247  1.161  0.275  1.168  1.184
  1.095  0.528  0.342  0.096  1.322  0.892  1.216  1.168  0.168  1.234  1.202
  1.101  0.246  0.345  0.235  1.462  0.904  1.190  1.142  0.116  1.292  1.181
  1.091  0.121  0.358  0.442  1.579  0.914  1.215  1.092  0.118  1.328  1.119
  1.067  0.043  0.399  0.643  1.575  0.957  1.295  1.038  0.165  1.321  1.025
  1.029  0.011  0.493  0.808  1.474  0.959  1.428  0.999  0.246  1.236  0.920
  0.994  0.007  0.591  0.770  1.271  0.957  1.590  0.974  0.383  1.179  0.834
  0.962  0.000  0.706  0.561  1.040  0.929  1.727  0.974  0.559  1.121  0.768
  0.948  0.000  0.795  0.297  0.856  0.884  1.858  1.005  0.816  1.085  0.717
  0.952  0.000  0.883  0.189  0.752  0.835  1.958  1.061  0.939  1.068  0.684
  0.973  0.000  0.971  0.209  0.716  0.788  1.980  1.124  1.116  1.099  0.670
  0.994  0.000  0.995  0.303  0.761  0.752  1.918  1.185  1.201  1.129  0.666
  1.010  0.000  1.003  0.572  0.837  0.720  1.738  1.215  1.261  1.184  0.677
  1.020  0.000  0.987  0.899  0.918  0.721  1.526  1.240  1.383  1.205  0.682
