****************************************************************************************************
     Average of energy (eV atom^-1)
----------------------------------------------------------------------------------------------------
          -3.47439772
****************************************************************************************************
     Average of force (X Y Z) (eV ang^-1 atom^-1)
----------------------------------------------------------------------------------------------------
           0.00000094     -0.00000007     -0.00000018
****************************************************************************************************
     Average of stress (XX YY ZZ XY XZ YZ) (GPa atom^-1)
----------------------------------------------------------------------------------------------------
           0.00744455      0.00952154     -0.05712360     -0.00110029      0.00034663     -0.00008439
****************************************************************************************************
     Variance of energy (eV atom^-1)
----------------------------------------------------------------------------------------------------
           0.01218716
****************************************************************************************************
     Variance of force (X Y Z) (eV ang^-1 atom^-1)
----------------------------------------------------------------------------------------------------
           0.00785618      0.00760772      0.00705864
****************************************************************************************************
     Variance of stress (XX YY ZZ XY XZ YZ) (GPa atom^-1)
----------------------------------------------------------------------------------------------------
           0.02977902      0.02876145      0.01677792      0.00614212      0.00500732      0.00554344
****************************************************************************************************
     Normalized histogram
     X, HIS_E, HIS_F, HIS_S
----------------------------------------------------------------------------------------------------
     -3.00000000      0.00000000      0.00386724      0.00277056      0.00415584      0.00000000      0.00000000      0.00000000      0.00000000      0.00000000      0.00634921
     -2.70000000      0.00000000      0.00438672      0.00404040      0.00525253      0.00000000      0.00000000      0.00000000      0.00317460      0.00634921      0.02222222
     -2.40000000      0.00000000      0.00663781      0.00860029      0.00877345      0.00000000      0.00000000      0.00000000      0.02222222      0.01904762      0.00952381
     -2.10000000      0.00000000      0.01460317      0.01650794      0.01500722      0.00000000      0.00000000      0.00000000      0.01587302      0.01269841      0.01587302
     -1.80000000      0.00634921      0.02326118      0.02493506      0.02279942      0.00000000      0.00000000      0.02222222      0.02539683      0.03492063      0.03174603
     -1.50000000      0.03174603      0.04386724      0.04051948      0.04011544      0.01904762      0.01904762      0.03809524      0.05079365      0.03809524      0.02539683
     -1.20000000      0.13333333      0.06233766      0.06712843      0.06216450      0.07936508      0.06349206      0.12698413      0.04126984      0.06666667      0.05396825
     -0.90000000      0.16825397      0.08773449      0.08952381      0.09304473      0.17777778      0.15555556      0.08253968      0.10793651      0.08571429      0.09206349
     -0.60000000      0.14920635      0.11694084      0.11428571      0.11151515      0.18730159      0.24444444      0.14285714      0.12698413      0.14603175      0.08571429
     -0.30000000      0.13015873      0.13650794      0.13160173      0.13229437      0.21587302      0.20952381      0.18412698      0.11428571      0.11746032      0.13333333
     -0.00000000      0.08888889      0.13552670      0.13113997      0.13316017      0.13968254      0.12063492      0.14920635      0.11111111      0.09841270      0.11746032
      0.30000000      0.03809524      0.11422799      0.11359307      0.11330447      0.03492063      0.03809524      0.08571429      0.11111111      0.08253968      0.14603175
      0.60000000      0.04761905      0.08658009      0.08606061      0.08865801      0.00634921      0.00952381      0.01904762      0.11111111      0.10793651      0.08253968
      0.90000000      0.05714286      0.05991342      0.06562771      0.06591631      0.00317460      0.00634921      0.00952381      0.05396825      0.06666667      0.06666667
      1.20000000      0.02539683      0.03994228      0.04057720      0.04121212      0.01904762      0.00952381      0.00317460      0.04444444      0.04444444      0.05396825
      1.50000000      0.05079365      0.02580087      0.02678211      0.02424242      0.00634921      0.00634921      0.01269841      0.02222222      0.03809524      0.01904762
      1.80000000      0.02539683      0.01466089      0.01616162      0.01512266      0.02857143      0.04761905      0.05714286      0.00952381      0.01904762      0.02857143
      2.10000000      0.00952381      0.00883117      0.00865801      0.00940837      0.02857143      0.01269841      0.05079365      0.01587302      0.00952381      0.00952381
      2.40000000      0.03809524      0.00519481      0.00409812      0.00455988      0.00952381      0.00952381      0.01587302      0.00952381      0.00000000      0.00000000
      2.70000000      0.00000000      0.00219336      0.00213564      0.00248196      0.04444444      0.04761905      0.00000000      0.00317460      0.00634921      0.00000000
