****************************************************************************************************
     Average of energy (eV atom^-1)
----------------------------------------------------------------------------------------------------
          -3.22609926
****************************************************************************************************
     Average of force (X Y Z) (eV ang^-1 atom^-1)
----------------------------------------------------------------------------------------------------
           0.00010866      0.00006067      0.00017812
****************************************************************************************************
     Average of stress (XX YY ZZ XY XZ YZ) (GPa atom^-1)
----------------------------------------------------------------------------------------------------
           4.39051202     -1.56881612     -0.01645880     -0.11971657      0.01342915      0.00097144
****************************************************************************************************
     Variance of energy (eV atom^-1)
----------------------------------------------------------------------------------------------------
           0.16335042
****************************************************************************************************
     Variance of force (X Y Z) (eV ang^-1 atom^-1)
----------------------------------------------------------------------------------------------------
           0.21674801      0.17188109      0.17989195
****************************************************************************************************
     Variance of stress (XX YY ZZ XY XZ YZ) (GPa atom^-1)
----------------------------------------------------------------------------------------------------
           3.68938645      2.61126547      0.56175389      0.28117988      0.09069037      0.05017404
****************************************************************************************************
     Normalized histogram
     X, HIS_E, HIS_F, HIS_S
----------------------------------------------------------------------------------------------------
     -3.00000000      0.00000000      0.00806452      0.00806452      0.01612903      0.00000000      0.00000000      0.00000000      0.00000000      0.00000000      0.00000000
     -2.70000000      0.00000000      0.00000000      0.00000000      0.00000000      0.00000000      0.00000000      0.00000000      0.06451613      0.03225806      0.00000000
     -2.40000000      0.00000000      0.00000000      0.00806452      0.00000000      0.00000000      0.00000000      0.00000000      0.00000000      0.03225806      0.00000000
     -2.10000000      0.00000000      0.00806452      0.00806452      0.00000000      0.00000000      0.00000000      0.00000000      0.03225806      0.00000000      0.00000000
     -1.80000000      0.00000000      0.04032258      0.00806452      0.00000000      0.00000000      0.00000000      0.00000000      0.00000000      0.03225806      0.00000000
     -1.50000000      0.12903226      0.03225806      0.00806452      0.06451613      0.00000000      0.16129032      0.00000000      0.00000000      0.00000000      0.00000000
     -1.20000000      0.09677419      0.04032258      0.01612903      0.12903226      0.45161290      0.16129032      0.00000000      0.06451613      0.03225806      0.00000000
     -0.90000000      0.22580645      0.07258065      0.14516129      0.03225806      0.00000000      0.09677419      0.29032258      0.03225806      0.03225806      0.00000000
     -0.60000000      0.06451613      0.14516129      0.10483871      0.02419355      0.00000000      0.00000000      0.25806452      0.03225806      0.06451613      0.00000000
     -0.30000000      0.00000000      0.13709677      0.18548387      0.22580645      0.03225806      0.03225806      0.19354839      0.09677419      0.41935484      0.25806452
     -0.00000000      0.03225806      0.15322581      0.12903226      0.26612903      0.00000000      0.03225806      0.00000000      0.06451613      0.03225806      0.54838710
      0.30000000      0.00000000      0.13709677      0.11290323      0.04032258      0.06451613      0.03225806      0.06451613      0.54838710      0.03225806      0.12903226
      0.60000000      0.00000000      0.11290323      0.15322581      0.08870968      0.12903226      0.16129032      0.09677419      0.00000000      0.06451613      0.00000000
      0.90000000      0.45161290      0.01612903      0.04838710      0.00000000      0.29032258      0.32258065      0.00000000      0.00000000      0.06451613      0.00000000
      1.20000000      0.00000000      0.01612903      0.00000000      0.02419355      0.03225806      0.00000000      0.03225806      0.00000000      0.09677419      0.00000000
      1.50000000      0.00000000      0.02419355      0.00806452      0.06451613      0.00000000      0.00000000      0.00000000      0.00000000      0.06451613      0.00000000
      1.80000000      0.00000000      0.01612903      0.00806452      0.00806452      0.00000000      0.00000000      0.00000000      0.06451613      0.00000000      0.03225806
      2.10000000      0.00000000      0.00806452      0.01612903      0.00000000      0.00000000      0.00000000      0.03225806      0.00000000      0.00000000      0.00000000
      2.40000000      0.00000000      0.00806452      0.00806452      0.00000000      0.00000000      0.00000000      0.00000000      0.00000000      0.00000000      0.00000000
      2.70000000      0.00000000      0.00806452      0.00000000      0.00000000      0.00000000      0.00000000      0.00000000      0.00000000      0.00000000      0.00000000
