****************************************************************************************************
     Results at       3000 MD step.
====================================================================================================
     Total energies (eV)
----------------------------------------------------------------------------------------------------
       -12.304321   -12.305840
       -12.303005   -12.304633
       -12.299197   -12.301092
       -12.229451   -12.234676
       -12.213059   -12.218678
       -12.182964   -12.188785
       -12.170889   -12.176501
       -12.163413   -12.168516
       -12.161537   -12.165833
       -12.166170   -12.169384
       -12.178119   -12.180017
       -12.198025   -12.198473
       -12.226347   -12.225322
       -12.263224   -12.260848
       -12.714930   -12.714911
       -13.237012   -13.196929
       -13.574315   -13.503151
       -13.748042   -13.716916
       -13.805425   -13.808054
       -13.815416   -13.834476
       -13.313553   -13.305183
       -13.576516   -13.539584
       -13.347475   -13.320244
       -13.413242   -13.389869
       -13.478280   -13.469587
       -13.757603   -13.768464
       -13.472067   -13.489180
       -13.434890   -13.453489
       -13.662483   -13.696058
       -13.411268   -13.475353
       -13.214070   -13.288083
====================================================================================================
     Forces (eV ang.^-1)
----------------------------------------------------------------------------------------------------
         0.000439     0.000000
        -0.000254    -0.000000
        -0.000000    -0.000000
        -0.000439    -0.000000
         0.000254     0.000000
        -0.000000    -0.000000
         0.000000     0.000000
        -0.000000    -0.000000
         0.000000    -0.000000
         0.000000    -0.000000
        -0.000000     0.000000
        -0.000000    -0.000000
         0.034859     0.031503
        -0.025371    -0.028454
        -0.077888    -0.075979
         0.030489     0.028202
         0.038872     0.035822
        -0.090235    -0.081746
        -0.031869    -0.032653
        -0.048186    -0.045231
         0.057232     0.052810
        -0.038675    -0.027052
         0.036221     0.037862
         0.114992     0.104915
         0.068263     0.063006
        -0.050648    -0.057280
        -0.155408    -0.150749
         0.060660     0.056407
         0.077371     0.071597
        -0.181640    -0.162252
        -0.062958    -0.065051
        -0.095908    -0.089697
         0.118317     0.104809
        -0.072069    -0.054363
         0.072315     0.075380
         0.227252     0.208192
         0.265739     0.247112
        -0.206082    -0.238535
        -0.598526    -0.583643
         0.244014     0.218791
         0.286148     0.290975
        -0.696736    -0.630540
        -0.245211    -0.258113
        -0.362833    -0.346434
         0.431898     0.404152
        -0.264220    -0.207790
         0.276092     0.293994
         0.882503     0.810031
         0.300616     0.278313
        -0.232861    -0.268719
        -0.659453    -0.646387
         0.278003     0.245790
         0.317661     0.326183
        -0.769712    -0.699468
        -0.274323    -0.289182
        -0.399438    -0.384633
         0.469826     0.447345
        -0.301091    -0.234921
         0.306833     0.327168
         0.978127     0.898510
         0.373406     0.344239
        -0.290908    -0.326973
        -0.760580    -0.751458
         0.347781     0.302452
         0.383261     0.391765
        -0.896571    -0.817341
        -0.328912    -0.348307
        -0.462507    -0.451710
         0.527374     0.519641
        -0.382427    -0.298384
         0.362667     0.386919
         1.141146     1.049158
         0.413149     0.379674
        -0.320633    -0.354969
        -0.797498    -0.792258
         0.384871     0.332658
         0.415711     0.421925
        -0.944803    -0.864887
        -0.354768    -0.376101
        -0.487337    -0.479989
         0.544200     0.547705
        -0.431001    -0.336231
         0.388087     0.413034
         1.208080     1.109440
         0.455128     0.418317
        -0.352388    -0.381999
        -0.821597    -0.820615
         0.422819     0.365522
         0.447838     0.449341
        -0.979682    -0.900223
        -0.378245    -0.401840
        -0.506399    -0.502670
         0.552277     0.567288
        -0.485700    -0.382000
         0.409602     0.435328
         1.256111     1.153551
         0.499698     0.460615
        -0.386334    -0.408557
        -0.831372    -0.835839
         0.463098     0.401347
         0.479543     0.474447
        -0.999456    -0.922756
        -0.399524    -0.425400
        -0.519188    -0.519489
         0.550542     0.577850
        -0.547284    -0.436561
         0.427894     0.453599
         1.286276     1.180745
         0.545759     0.506982
        -0.423373    -0.435420
        -0.827020    -0.837267
         0.505573     0.440361
         0.510634     0.497936
        -1.003559    -0.931932
        -0.418596    -0.446659
        -0.525467    -0.530188
         0.538457     0.578882
        -0.617620    -0.500683
         0.443624     0.467672
         1.298847     1.190317
         0.592131     0.557706
        -0.464077    -0.463706
        -0.807160    -0.824256
         0.546091     0.482601
         0.543206     0.520817
        -0.991831    -0.927214
        -0.434530    -0.465477
        -0.525279    -0.534502
         0.515276     0.569905
        -0.692663    -0.574829
         0.456029     0.477391
         1.292279     1.181564
         0.640446     0.612749
        -0.509007    -0.494903
        -0.772901    -0.796218
         0.589117     0.527717
         0.574791     0.544483
        -0.963765    -0.908104
        -0.448650    -0.481676
        -0.517751    -0.532161
         0.481481     0.550520
        -0.774155    -0.658790
         0.464367     0.482581
         1.264983     1.153802
         0.689517     0.671536
        -0.559710    -0.530897
        -0.723203    -0.752721
         0.632557     0.574714
         0.607046     0.570775
        -0.918989    -0.874217
        -0.460284    -0.495012
        -0.503141    -0.522928
         0.436611     0.520475
        -0.860810    -0.751237
         0.468754     0.483049
         1.216988     1.106464
         0.737986     0.732613
        -0.616969    -0.573890
        -0.659023    -0.693683
         0.673443     0.621604
         0.641678     0.601981
        -0.858125    -0.825432
        -0.470310    -0.505188
        -0.481033    -0.506654
         0.382115     0.479820
        -0.945610    -0.849029
         0.469403     0.478563
         1.148942     1.039295
         0.567337     0.573582
        -1.569284    -1.602893
         0.159208     0.189689
         0.213247     0.106905
         1.471295     1.594047
         0.006459     0.037796
        -0.610546    -0.456837
        -0.052570    -0.093407
        -0.212333    -0.159879
        -0.164104    -0.223650
         0.159454     0.102253
         0.033409    -0.067606
         0.196916     0.092028
        -1.400135    -1.281571
         0.150000     0.154726
         0.057009    -0.095611
         1.356591     1.165737
         0.113255     0.116255
        -0.728828    -0.577149
         0.055332     0.050481
         0.022040    -0.055021
         0.471462     0.580732
        -0.020533     0.065354
        -0.286084    -0.215959
         0.256506     0.295424
        -0.576658    -0.739104
         0.040791     0.039828
         0.381778     0.224514
         0.779701     0.880695
         0.038743     0.037740
        -0.662840    -0.647699
         0.003374     0.001582
         0.014432    -0.006955
         0.019483     0.127761
        -0.207381    -0.143173
        -0.092791    -0.070612
         0.210717     0.316286
        -0.179446    -0.350175
         0.004899     0.004189
         0.174019     0.197728
         0.486731     0.673000
         0.009953     0.010099
        -0.378669    -0.549692
        -0.040116    -0.038208
        -0.001391    -0.002353
        -0.009293     0.035679
        -0.268928    -0.284617
        -0.013574    -0.011935
        -0.008749     0.090452
        -0.194677    -0.252358
        -0.002034    -0.002332
        -0.061973     0.040757
         0.331746     0.394200
         0.002356     0.002590
        -0.093822    -0.309671
        -0.041178    -0.037175
        -0.001222    -0.000691
         0.162027     0.178461
        -0.094880    -0.104667
         0.000853     0.000433
        -0.198807    -0.129753
        -0.254072    -0.233624
        -0.002759    -0.002792
        -0.178887    -0.099856
         0.235250     0.213283
         0.000674     0.000759
         0.114371    -0.035777
        -0.021373    -0.020707
         0.000242     0.000255
         0.261092     0.265386
         0.040188     0.041048
         0.001923     0.001778
        -1.536805    -1.433053
        -2.045685    -2.108692
        -0.000361     0.000828
        -1.616368    -1.459112
         2.242479     2.323257
        -0.005221    -0.006375
         1.031186     1.180357
        -0.005996    -0.024901
         0.003267     0.003222
         2.118978     1.711808
        -0.193419    -0.189664
         0.002200     0.002325
        -0.972215    -1.086728
        -0.762965    -0.771857
        -0.015635    -0.017020
        -1.129150    -1.223365
         0.051038     0.174395
         0.019800     0.020490
         0.979913     1.184283
         0.113998     0.037994
         0.004501     0.001764
         1.120632     1.125810
         0.600160     0.559467
        -0.007732    -0.005234
        -1.303037    -1.355353
        -0.843803    -0.889260
        -0.035648    -0.041718
        -1.447047    -1.322870
         0.178518     0.406824
         0.035118     0.042591
         1.461780     1.487195
         0.212833     0.119274
         0.003144    -0.001031
         1.289550     1.191028
         0.459318     0.363162
        -0.002516     0.000158
         1.602015     1.624482
         0.758592     0.780674
        -0.071841    -0.078201
         1.596300     1.560511
        -0.487980    -0.568411
         0.047255     0.053923
        -0.470645    -0.492677
        -0.167731    -0.131842
        -0.011211    -0.004979
        -2.727181    -2.692316
        -0.107053    -0.080421
         0.035989     0.029257
         0.640401     0.660942
         1.152432     1.112241
        -0.233264    -0.268865
         2.067317     2.168704
        -0.125132    -0.128376
         0.198823     0.217982
         0.265210     0.274251
        -0.465989    -0.446747
        -0.012969    -0.003002
        -2.971392    -3.103897
        -0.560402    -0.537117
         0.048836     0.053885
         1.345602     1.354317
         0.384823     0.313150
         0.112179     0.108361
        -0.703221    -0.716440
         0.103655     0.085489
        -0.127113    -0.122039
         0.099603     0.166096
         0.179880     0.262549
        -0.002464    -0.001794
        -0.747138    -0.803973
        -0.664757    -0.661187
         0.017199     0.015472
         2.558439     2.384764
         1.572291     1.486082
         0.352016     0.402520
        -1.200428    -1.056878
         0.690700     0.624430
        -0.453975    -0.475492
         0.025530     0.053629
         0.437313     0.560425
         0.004032    -0.017778
        -1.383287    -1.381515
        -2.703671    -2.670938
         0.097026     0.090750
         2.620701     2.422590
         1.668609     1.595626
         0.388565     0.445236
        -1.338516    -1.173168
         0.807447     0.727053
        -0.501056    -0.522646
        -0.015791     0.001503
         0.445988     0.572397
         0.004407    -0.021202
        -1.266565    -1.250925
        -2.930086    -2.895076
         0.106221     0.098612
        -1.284951    -1.328321
        -0.392564    -0.355593
        -0.618078    -0.534029
         0.618243     0.533289
        -0.119317    -0.065496
         0.514982     0.488495
         0.123241     0.204050
         0.133524     0.035948
         0.912322     0.680954
         0.540782     0.590982
         0.378117     0.385142
        -0.831439    -0.635421
         0.013936     0.033253
         0.114201     0.099522
        -0.738964    -0.673919
         0.594357     0.556968
        -0.158116    -0.123557
         0.516569     0.495764
         0.415602     0.433314
         0.369054     0.323543
         2.469659     2.455988
        -1.023092    -1.023535
        -0.326282    -0.299508
        -2.263101    -2.277834
        -0.959910    -1.102325
        -0.085762     0.005073
        -0.740156    -0.697709
        -0.055420     0.086422
         0.489796     0.449181
        -0.421500    -0.324162
        -0.469036    -0.408618
        -1.035757    -0.976900
         3.195492     3.105187
         1.482619     1.424520
         0.636545     0.522646
        -2.029458    -2.083316
====================================================================================================
     Stress (kbar)
----------------------------------------------------------------------------------------------------
        17.718177     9.438434
        -0.207251     0.000006
        -0.000000    -0.000000
        17.478863     9.438441
        -0.000000    -0.000000
       -16.227111   -13.860827
        16.890277     7.440493
        -0.159852     0.104228
         0.039690     0.022187
        18.425549    11.487554
        -0.000070    -0.000530
       -16.311311   -13.863212
        16.404506     5.556189
        -0.147660     0.203658
         0.125092     0.089098
        19.391012    13.527851
        -0.003726    -0.001461
       -16.414227   -13.870111
        16.147369    -3.274696
        -0.308332     0.639422
         1.582288     1.466903
        28.784420    25.848922
         0.227596     0.049240
       -16.276214   -13.953439
        16.403663    -4.152940
        -0.333976     0.671847
         1.990082     1.861806
        31.092828    27.837771
         0.262361     0.073978
       -15.954580   -13.942690
        17.002920    -5.078328
        -0.393344     0.689631
         2.886920     2.786471
        35.069871    31.640177
         0.332594     0.133129
       -15.418059   -13.827183
        17.388504    -5.042317
        -0.411695     0.672224
         3.410372     3.313796
        37.327080    33.459785
         0.348472     0.164592
       -14.806014   -13.700345
        17.844518    -4.531965
        -0.435032     0.631778
         3.924672     3.875596
        39.229841    35.193083
         0.334862     0.191414
       -14.075719   -13.500558
        18.506372    -3.463880
        -0.447035     0.562238
         4.436095     4.463140
        40.958724    36.867996
         0.305719     0.211320
       -13.091911   -13.209926
        19.383938    -1.725495
        -0.447781     0.454007
         4.944544     5.062760
        42.454222    38.522633
         0.267920     0.222426
       -11.863488   -12.807351
        20.789151     0.832740
        -0.496569     0.292700
         5.378960     5.653588
        43.668981    40.206350
         0.223968     0.223480
       -10.441771   -12.267113
        22.576561     4.402578
        -0.532639     0.057272
         5.793108     6.204824
        44.646614    41.979965
         0.158087     0.214341
        -8.667894   -11.557400
        25.080808     9.220177
        -0.584299    -0.280965
         6.111163     6.674175
        45.296105    43.915723
         0.095075     0.196505
        -6.629160   -10.638675
        28.580002    15.556150
        -0.743332    -0.759156
         6.277213     7.007797
        45.578184    46.092016
         0.060319     0.173623
        -4.296768    -9.463806
       138.524669   156.648375
       -15.064144   -15.944631
         0.467063     2.148900
        45.291466    84.560258
         1.236868     0.484027
        15.975250    18.761653
       221.138501   280.660815
       -33.729186   -28.131276
        -1.524519    -0.732742
       -13.561732    -3.366360
         0.246900     0.067551
        18.559095    22.430245
       258.358947   322.890890
       -34.981398   -29.980501
        -0.484283    -0.200762
       -88.750632  -105.271869
        -0.015395     0.008290
        16.071548     8.573508
       298.337050   347.859013
       -16.239679   -15.682793
        -0.049703    -0.001245
      -144.205680  -154.894933
         0.003104     0.011436
         6.519153    -0.679207
       317.352781   361.562472
        -4.002055    -3.889770
         0.006545     0.002158
      -171.082640  -174.869992
         0.013693     0.019299
        -1.181692    -6.696623
       325.513751   367.312694
         0.186169     0.459368
        -0.000492    -0.000718
      -185.146347  -185.640162
         0.011628     0.015848
        -5.047849   -10.054245
       296.247007   344.794981
       -12.093287    -9.052114
        -0.006454     0.021310
       -31.924205   -97.629353
        -0.006383    -0.031167
        29.350830    30.483813
       322.583297   333.366537
        -7.068050    -6.776432
         0.056778     0.087690
      -199.161427  -212.334145
         0.107409     0.072195
        -0.774444     2.574001
       284.698080   303.187590
       -27.002124   -19.026449
         0.115049     0.136460
      -184.479034  -205.283198
         0.135967     0.037855
        10.522722    16.446621
       283.148271   299.238466
       -11.356553    -8.196327
         0.151754     0.142776
      -161.493975  -176.187459
         0.205828     0.378573
       -16.784843   -11.335696
       330.991934   323.565295
        -4.739295    -4.720594
        -2.187853    -2.597426
      -169.793805  -184.474706
         0.212187     0.780097
        -6.756344   -14.709441
       343.610895   359.232642
        -1.296944    -0.556315
        -1.104781    -1.382129
      -206.736997  -204.681951
         0.362727     0.476718
       -15.623158   -15.295672
       352.275611   335.388951
        16.832670    17.445081
        -7.568410    -8.978401
      -151.459466  -151.307500
         0.782004     1.161359
        -7.899180    -5.660257
       354.322331   332.958712
        18.369814    18.351954
        -8.852585   -10.401273
      -146.135367  -144.530224
         0.894994     1.262767
        -8.511178    -4.551063
       346.796898   351.582685
         0.442424    -1.654388
        -3.639245    -2.578575
      -210.689082  -201.025475
         0.915605     0.216445
       -13.159857    -4.526673
       348.090946   324.935570
        -4.789354   -10.511470
         0.196694     0.095843
      -206.044353  -184.306496
         3.773321     3.555988
        50.422508    54.686909
       351.527167   299.263403
        -6.268762    -7.438040
        -5.823610    -3.473115
      -209.361008  -177.263480
       -10.289044   -10.438208
        88.382755    85.644728
