****************************************************************************************************
     Average of energy (eV atom^-1)
----------------------------------------------------------------------------------------------------
          -8.55605441
****************************************************************************************************
     Average of force (X Y Z) (eV ang^-1 atom^-1)
----------------------------------------------------------------------------------------------------
          -0.00000729      0.00000198     -0.00000563
****************************************************************************************************
     Average of stress (XX YY ZZ XY XZ YZ) (GPa atom^-1)
----------------------------------------------------------------------------------------------------
           0.19900624     -0.50591050      0.05745883      0.01996699     -0.02113335      0.00624606
****************************************************************************************************
     Variance of energy (eV atom^-1)
----------------------------------------------------------------------------------------------------
           0.04263108
****************************************************************************************************
     Variance of force (X Y Z) (eV ang^-1 atom^-1)
----------------------------------------------------------------------------------------------------
           0.03614160      0.02314769      0.03081725
****************************************************************************************************
     Variance of stress (XX YY ZZ XY XZ YZ) (GPa atom^-1)
----------------------------------------------------------------------------------------------------
           0.09541298      0.16358782      0.12529023      0.03607862      0.04498058      0.03293907
****************************************************************************************************
     Normalized histogram
     X, HIS_E, HIS_F, HIS_S
----------------------------------------------------------------------------------------------------
     -3.00000000      0.00000000      0.00419048      0.00247619      0.00361905      0.00000000      0.00000000      0.00000000      0.00952381      0.00476190      0.00000000
     -2.70000000      0.00000000      0.00304762      0.00304762      0.00495238      0.00000000      0.00000000      0.00952381      0.00000000      0.00476190      0.00476190
     -2.40000000      0.00000000      0.00438095      0.00647619      0.00571429      0.00000000      0.00000000      0.01428571      0.00952381      0.00952381      0.00952381
     -2.10000000      0.00000000      0.00800000      0.01219048      0.01180952      0.01904762      0.00000000      0.00952381      0.01428571      0.01428571      0.01904762
     -1.80000000      0.00000000      0.01504762      0.01733333      0.01847619      0.01904762      0.00000000      0.03333333      0.01428571      0.01428571      0.01428571
     -1.50000000      0.00000000      0.02742857      0.03276190      0.03295238      0.04761905      0.00000000      0.03333333      0.04285714      0.07142857      0.06190476
     -1.20000000      0.00000000      0.04895238      0.05314286      0.05314286      0.10000000      0.03809524      0.06190476      0.06666667      0.06666667      0.08095238
     -0.90000000      0.00476190      0.08476190      0.08495238      0.08342857      0.09047619      0.13809524      0.09047619      0.13333333      0.10000000      0.08571429
     -0.60000000      0.35238095      0.12895238      0.12609524      0.11980952      0.15238095      0.23809524      0.12380952      0.16666667      0.10476190      0.13333333
     -0.30000000      0.44285714      0.16857143      0.16419048      0.14514286      0.11904762      0.24761905      0.17142857      0.09523810      0.14285714      0.12857143
     -0.00000000      0.13333333      0.16933333      0.16095238      0.16171429      0.10476190      0.15714286      0.09523810      0.04761905      0.10476190      0.12857143
      0.30000000      0.00952381      0.13638095      0.11847619      0.12819048      0.10476190      0.09523810      0.12857143      0.09047619      0.07619048      0.07619048
      0.60000000      0.00476190      0.08152381      0.08533333      0.08400000      0.10000000      0.01428571      0.04761905      0.10000000      0.08095238      0.05714286
      0.90000000      0.00476190      0.04819048      0.05561905      0.05676190      0.04761905      0.01428571      0.06190476      0.10476190      0.07619048      0.07142857
      1.20000000      0.00476190      0.02533333      0.03409524      0.03219048      0.00952381      0.00952381      0.04285714      0.04761905      0.07142857      0.05238095
      1.50000000      0.00476190      0.01333333      0.01923810      0.01466667      0.00952381      0.00952381      0.02857143      0.02857143      0.01428571      0.02857143
      1.80000000      0.00000000      0.00761905      0.01047619      0.01333333      0.02857143      0.00000000      0.02380952      0.01428571      0.02380952      0.00952381
      2.10000000      0.00476190      0.00438095      0.00400000      0.00628571      0.02857143      0.00476190      0.00952381      0.00476190      0.00952381      0.02857143
      2.40000000      0.00000000      0.00304762      0.00304762      0.00495238      0.00476190      0.00000000      0.00000000      0.00000000      0.00000000      0.00476190
      2.70000000      0.00476190      0.00114286      0.00152381      0.00342857      0.00000000      0.00476190      0.00952381      0.00476190      0.00952381      0.00476190
