   1  25   1   0  0.1173641E+02  0.3000000E+03
  CAR 
 AIMD-MLFF-ON-THE-FLY                    
   0   0   0
   1   1
 256 256 256
 256
  0.1000000E-09
  0.3906250E-11
   1
  0.1000000E-14  0.1230720E-08  0.3766900E-09  0.6616200E-09
  0.2994299E+03  0.3191604E+03
  0.000  0.000  0.000  0.000  0.000  0.000  0.000
  0.000  0.000  0.000  0.000  0.000  0.000  0.000
  0.000  0.000  0.000  0.000  0.000  0.000  0.000
  0.000  0.000  0.000  0.000  0.000  0.000  0.000
  0.000  0.000  0.000  0.000  0.000  0.000  0.000
  0.000  0.000  0.000  0.000  0.000  0.000  0.000
  0.000  0.000  0.000  0.000  0.000  0.000  0.000
  0.000  0.000  0.000  0.000  0.000  0.000  0.000
  0.000  0.000  0.000  0.000  0.000  0.000  0.000
  0.000  0.000  0.000  0.000  0.000  0.000  0.000
  0.000  0.000  0.000  0.000  0.000  0.000  0.000
  0.000  0.000  0.000  0.000  0.000  0.000  0.000
  0.000  0.000  0.000  0.000  0.000  0.000  0.000
  0.000  0.000  0.000  0.000  0.000  0.000  0.000
  0.000  0.000  0.000  0.000  0.000  0.000  0.000
  0.000  0.000  0.000  0.000  0.000  0.000  0.000
  0.000  0.000  0.000  0.000  0.000  0.000  0.000
  0.000  0.000  0.000  0.000  0.000  0.000  0.000
  0.000  0.000  0.000  0.000  0.000  0.000  0.000
  0.000  0.000  0.000  0.000  0.000  0.000  0.000
  0.000  0.000  0.000  0.000  0.000  0.000  0.000
  0.000  0.000  0.000  0.000  0.000  0.000  0.000
  0.000  0.000  0.000  0.000  0.000  0.000  0.000
  0.000  0.000  0.000  0.000  0.000  0.000  0.000
  0.000  0.000  0.000  0.000  0.000  0.000  0.000
  0.000  0.000  0.000  0.000  0.000  0.000  0.000
  0.000  0.000  0.000  0.000  0.000  0.000  0.000
  0.000  0.000  0.000  0.000  0.000  0.000  0.000
  0.000  0.000  0.000  0.000  0.000  0.000  0.000
  0.000  0.000  0.000  0.000  0.000  0.000  0.000
  0.000  0.000  0.000  0.000  0.000  0.000  0.000
  0.000  0.000  0.000  0.000  0.000  0.000  0.000
  0.000  0.000  0.000  0.000  0.000  0.000  0.000
  0.000  0.000  0.000  0.000  0.000  0.000  0.000
  0.000  0.000  0.000  0.000  0.000  0.000  0.000
  0.000  0.000  0.000  0.000  0.000  0.000  0.000
  0.001  0.000  0.000  0.000  0.000  0.012  0.000
  0.000  0.000  0.000  0.000  0.000  0.006  0.000
  0.000  0.000  0.000  0.000  0.000  0.006  0.000
  0.000  0.000  0.000  0.000  0.000  0.005  0.000
  0.000  0.000  0.000  0.000  0.000  0.000  0.000
  0.000  0.000  0.000  0.000  0.000  0.005  0.000
  0.006  0.000  0.011  0.000  0.000  0.018  0.000
  0.147  0.000  0.354  0.000  0.000  0.035  0.000
  0.908  0.000  2.177  0.000  0.000  0.321  0.000
  2.100  0.000  4.927  0.000  0.000  1.593  0.000
  2.971  0.000  6.795  0.000  0.000  3.672  0.000
  2.935  0.000  6.581  0.000  0.000  4.677  0.000
  2.598  0.000  5.517  0.000  0.000  6.609  0.000
  1.969  0.000  4.097  0.000  0.000  5.672  0.000
  1.605  0.000  3.333  0.000  0.000  4.691  0.000
  1.331  0.000  2.850  0.000  0.000  3.191  0.000
  1.182  0.000  2.590  0.000  0.000  2.366  0.000
  1.064  0.000  2.328  0.000  0.000  2.161  0.000
  0.965  0.000  2.213  0.000  0.000  1.143  0.000
  0.859  0.000  1.989  0.000  0.001  0.845  0.000
  0.901  0.000  2.118  0.000  0.013  0.555  0.000
  0.910  0.000  2.105  0.015  0.050  0.533  0.000
  0.828  0.000  1.831  0.010  0.127  0.496  0.000
  0.749  0.000  1.436  0.005  0.357  0.281  0.000
  0.713  0.000  0.904  0.009  0.825  0.094  0.000
  0.859  0.000  0.560  0.086  1.525  0.043  0.000
  1.047  0.000  0.406  0.426  2.116  0.054  0.000
  1.108  0.000  0.282  0.943  2.359  0.038  0.000
  1.226  0.000  0.232  1.581  2.660  0.024  0.000
  1.139  0.000  0.154  2.735  2.455  0.019  0.000
  1.026  0.000  0.138  4.148  2.104  0.028  0.000
  0.933  0.000  0.100  4.908  1.855  0.129  0.000
  0.896  0.000  0.038  5.593  1.783  0.127  0.000
  0.834  0.000  0.027  5.258  1.652  0.230  0.000
  0.838  0.000  0.022  5.100  1.637  0.535  0.000
  0.898  0.000  0.019  4.735  1.803  0.589  0.000
  0.976  0.089  0.010  4.242  1.953  1.050  0.000
  1.082  0.231  0.009  4.200  2.140  1.375  0.000
  1.082  0.485  0.002  3.314  2.127  1.475  0.000
  1.083  0.886  0.001  3.052  1.995  1.871  0.000
  1.063  1.488  0.003  2.605  1.813  1.947  0.000
  0.988  1.527  0.001  1.541  1.651  2.250  0.000
  0.953  1.293  0.000  1.740  1.590  2.434  0.000
  0.871  1.150  0.001  1.586  1.498  1.929  0.000
  0.809  1.187  0.006  1.262  1.375  1.752  0.000
  0.719  1.149  0.017  0.867  1.195  1.606  0.000
  0.653  1.097  0.029  1.113  1.063  1.259  0.000
  0.589  1.053  0.068  0.976  0.915  1.034  0.000
  0.623  1.623  0.108  0.811  0.819  1.097  0.000
  0.627  1.984  0.154  0.855  0.697  1.051  0.000
  0.684  2.987  0.204  0.606  0.548  1.063  0.000
  0.769  3.658  0.276  0.301  0.529  1.122  0.000
  0.835  3.957  0.423  0.140  0.479  1.109  0.000
  0.821  3.637  0.558  0.128  0.397  1.071  0.000
  0.832  2.996  0.747  0.074  0.417  0.905  0.000
  0.808  2.603  0.826  0.039  0.416  0.616  0.000
  0.747  1.800  0.897  0.027  0.402  0.590  0.000
  0.771  1.284  1.075  0.013  0.412  0.585  0.000
  0.843  1.037  1.240  0.000  0.505  0.437  0.000
  0.941  0.793  1.406  0.000  0.647  0.369  0.000
  1.031  0.679  1.532  0.000  0.768  0.370  0.000
  1.028  0.481  1.609  0.000  0.750  0.252  0.000
  0.998  0.314  1.634  0.000  0.697  0.208  0.000
  0.962  0.224  1.621  0.000  0.649  0.165  0.000
  1.011  0.176  1.788  0.000  0.609  0.213  0.000
  0.958  0.075  1.754  0.000  0.531  0.271  0.000
  0.915  0.049  1.643  0.000  0.526  0.417  0.000
  0.909  0.013  1.651  0.000  0.472  0.748  0.000
  0.914  0.006  1.597  0.030  0.492  1.120  0.000
  0.965  0.010  1.664  0.113  0.503  1.438  0.000
  0.993  0.000  1.731  0.212  0.472  1.674  0.000
  1.001  0.005  1.749  0.338  0.411  2.096  0.000
  1.038  0.005  1.716  0.562  0.457  2.593  0.000
  1.019  0.011  1.700  0.558  0.438  2.493  0.000
  1.052  0.036  1.774  0.569  0.455  2.355  0.000
  1.066  0.019  1.789  0.500  0.523  2.038  0.000
  1.044  0.033  1.748  0.633  0.546  1.649  0.000
  1.066  0.060  1.749  0.656  0.620  1.417  0.000
  1.112  0.167  1.809  0.794  0.674  1.130  0.000
  1.115  0.289  1.752  0.792  0.739  0.867  0.000
  1.141  0.461  1.716  0.761  0.804  0.815  0.000
  1.128  0.684  1.583  1.250  0.835  0.695  0.000
  1.115  0.909  1.433  1.177  0.904  0.683  0.000
  1.143  1.360  1.291  1.312  0.986  0.729  0.000
  1.144  1.910  1.108  1.841  1.011  0.651  0.000
  1.062  1.951  0.885  1.849  1.035  0.550  0.000
  1.040  1.939  0.757  1.673  1.124  0.552  0.000
  1.015  1.809  0.723  1.724  1.127  0.558  0.000
  1.036  1.599  0.761  1.736  1.198  0.501  0.000
  1.031  1.637  0.672  1.654  1.278  0.438  0.000
  1.021  1.514  0.626  1.614  1.319  0.544  0.000
  0.964  1.291  0.548  1.691  1.312  0.520  0.000
  0.904  1.119  0.480  1.514  1.291  0.491  0.000
  0.876  0.999  0.437  1.495  1.288  0.564  0.000
  0.895  0.880  0.471  1.353  1.339  0.552  0.000
  0.942  0.965  0.496  1.137  1.414  0.631  0.000
  0.951  0.911  0.467  0.793  1.501  0.603  0.000
  1.007  1.079  0.491  0.601  1.581  0.625  0.000
  1.004  1.051  0.495  0.438  1.591  0.597  0.000
  1.009  1.229  0.510  0.406  1.553  0.541  0.000
  0.977  1.373  0.513  0.230  1.437  0.629  0.000
  0.920  1.445  0.549  0.179  1.246  0.627  0.000
  0.893  1.338  0.637  0.180  1.119  0.618  0.000
  0.860  1.168  0.701  0.209  1.018  0.614  0.000
  0.896  1.268  0.777  0.254  0.991  0.692  0.000
  0.842  1.006  0.770  0.384  0.912  0.793  0.000
  0.840  0.958  0.762  0.434  0.889  1.075  0.000
  0.831  0.819  0.759  0.667  0.870  1.233  0.000
  0.852  0.669  0.782  0.863  0.891  1.485  0.000
  0.848  0.636  0.775  1.193  0.886  1.401  0.000
  0.875  0.610  0.780  1.354  0.927  1.532  0.000
  0.929  0.545  0.877  1.631  0.991  1.292  0.000
  0.954  0.458  0.907  1.706  1.061  1.128  0.000
  0.999  0.404  0.948  2.086  1.126  1.078  0.000
  1.011  0.437  0.960  2.002  1.156  0.954  0.000
  0.996  0.413  0.945  1.917  1.145  0.947  0.000
  0.943  0.325  0.890  2.077  1.079  0.971  0.000
  0.907  0.354  0.812  1.918  1.057  1.096  0.000
  0.874  0.389  0.730  1.852  1.030  1.279  0.000
  0.868  0.456  0.721  1.754  1.009  1.326  0.000
  0.891  0.537  0.756  1.738  0.991  1.476  0.000
  0.921  0.612  0.853  1.623  0.932  1.670  0.000
  0.959  0.870  0.952  1.471  0.864  1.728  0.000
  1.011  0.998  1.071  1.301  0.844  1.785  0.000
  1.028  1.128  1.143  1.080  0.798  1.756  0.000
  1.065  1.150  1.243  1.025  0.819  1.500  0.000
  1.100  1.195  1.341  0.906  0.812  1.412  0.000
  1.104  1.140  1.388  0.520  0.842  1.180  0.000
  1.077  1.104  1.385  0.413  0.815  1.011  0.000
  1.027  1.016  1.312  0.335  0.803  0.928  0.000
  1.035  1.142  1.322  0.429  0.778  0.922  0.000
  1.024  1.056  1.316  0.449  0.776  0.937  0.000
  1.020  1.064  1.357  0.440  0.724  0.924  0.000
  1.035  1.089  1.387  0.482  0.731  0.854  0.000
  1.033  0.999  1.410  0.543  0.715  0.912  0.000
  1.055  0.855  1.485  0.459  0.731  0.946  0.000
  1.044  0.722  1.490  0.476  0.717  1.067  0.000
  1.023  0.651  1.468  0.636  0.678  1.200  0.000
  1.002  0.600  1.440  0.636  0.674  1.145  0.000
  0.950  0.607  1.335  0.552  0.653  1.169  0.000
  0.929  0.591  1.298  0.538  0.642  1.181  0.000
  0.881  0.552  1.226  0.514  0.623  1.052  0.000
  0.832  0.504  1.107  0.729  0.633  0.956  0.000
  0.841  0.587  1.062  1.039  0.677  0.821  0.000
  0.836  0.691  1.034  1.226  0.671  0.704  0.000
  0.834  0.756  0.933  1.564  0.728  0.715  0.000
  0.844  0.817  0.876  1.701  0.783  0.729  0.000
  0.868  0.927  0.831  1.845  0.843  0.780  0.000
  0.869  0.944  0.765  1.835  0.894  0.897  0.000
  0.890  0.963  0.737  1.862  0.964  0.920  0.000
  0.888  0.856  0.722  1.769  1.007  0.922  0.000
  0.894  0.817  0.733  1.658  1.034  0.856  0.000
  0.896  0.829  0.732  1.277  1.068  0.799  0.000
  0.898  0.780  0.732  1.179  1.097  0.744  0.000
  0.928  0.882  0.787  1.023  1.091  0.823  0.000
  0.913  0.904  0.779  0.838  1.076  0.763  0.000
  0.903  0.963  0.804  0.727  1.027  0.696  0.000
  0.869  0.806  0.824  0.689  0.965  0.714  0.000
  0.870  0.809  0.853  0.719  0.923  0.807  0.000
  0.864  0.918  0.831  0.799  0.900  0.795  0.000
  0.867  0.964  0.867  0.852  0.844  0.886  0.000
  0.870  1.002  0.872  0.886  0.830  0.924  0.000
  0.918  1.115  0.885  0.938  0.883  1.098  0.000
  0.956  1.193  0.925  0.987  0.913  1.086  0.000
  0.991  1.196  0.929  0.868  1.010  1.019  0.000
  1.017  1.222  0.930  0.966  1.059  1.019  0.000
  1.046  1.212  0.967  0.866  1.108  0.981  0.000
  1.045  1.125  0.969  0.778  1.143  0.886  0.000
  1.075  1.114  1.021  0.784  1.171  0.838  0.000
  1.056  0.998  1.044  0.752  1.146  0.746  0.000
  1.041  0.899  1.013  0.772  1.152  0.838  0.000
  1.043  0.918  0.968  0.761  1.178  0.983  0.000
  1.020  0.905  0.965  0.768  1.127  0.985  0.000
  0.998  0.903  0.955  0.847  1.084  0.944  0.000
  0.987  0.843  0.967  0.752  1.059  0.999  0.000
  0.965  0.831  0.932  0.793  1.042  1.003  0.000
  0.961  0.836  0.938  0.736  1.035  0.944  0.000
  0.979  0.750  0.963  0.841  1.077  0.889  0.000
  1.001  0.724  1.007  0.673  1.098  0.929  0.000
  1.010  0.724  1.030  0.748  1.090  0.940  0.000
  1.039  0.819  1.071  0.752  1.089  0.999  0.000
  1.046  0.851  1.111  0.748  1.057  1.014  0.000
  1.048  0.880  1.107  0.839  1.058  0.968  0.000
  1.073  0.937  1.148  0.733  1.060  1.067  0.000
  1.064  0.918  1.167  0.744  0.999  1.242  0.000
  1.065  0.958  1.159  0.706  0.993  1.313  0.000
  1.050  0.903  1.178  0.787  0.932  1.435  0.000
  1.038  0.826  1.206  0.838  0.890  1.434  0.000
  1.033  0.792  1.197  1.110  0.883  1.400  0.000
  1.022  0.849  1.199  1.219  0.828  1.428  0.000
  0.997  0.860  1.161  1.460  0.785  1.452  0.000
  0.991  0.841  1.163  1.585  0.765  1.463  0.000
  0.975  0.837  1.164  1.530  0.736  1.409  0.000
  0.970  0.765  1.181  1.397  0.735  1.401  0.000
  0.969  0.751  1.180  1.248  0.745  1.393  0.000
  0.959  0.653  1.185  1.260  0.755  1.272  0.000
  0.943  0.674  1.165  1.192  0.742  1.208  0.000
  0.898  0.671  1.095  1.122  0.729  1.049  0.000
  0.860  0.614  1.043  1.002  0.718  0.988  0.000
  0.838  0.639  1.005  0.976  0.704  0.934  0.000
  0.844  0.738  0.987  0.864  0.724  0.892  0.000
  0.852  0.799  0.944  0.853  0.779  0.836  0.000
  0.865  0.849  0.936  0.812  0.816  0.781  0.000
  0.861  0.870  0.897  0.872  0.841  0.742  0.000
  0.874  0.958  0.872  0.894  0.877  0.732  0.000
  0.919  1.009  0.911  0.997  0.931  0.701  0.000
  0.966  1.114  0.920  1.003  1.021  0.605  0.000
  1.002  1.069  0.932  1.106  1.108  0.562  0.000
  1.041  1.108  0.941  1.159  1.184  0.531  0.000
  1.080  1.095  0.985  1.370  1.217  0.591  0.000
  1.080  1.015  0.997  1.379  1.210  0.716  0.000
  1.059  0.866  0.982  1.407  1.200  0.802  0.000
  1.032  0.859  0.937  1.577  1.163  0.857  0.000
  1.012  0.849  0.936  1.529  1.115  0.892  0.000
  0.979  0.946  0.906  1.500  1.036  0.933  0.000
  0.966  1.005  0.908  1.542  0.986  0.938  0.000
  0.933  1.111  0.877  1.495  0.926  0.840  0.000
  0.925  1.151  0.842  1.514  0.919  0.916  0.000
  0.931  1.256  0.830  1.383  0.925  0.939  0.000
  0.921  1.215  0.823  1.201  0.927  0.964  0.000
